149649839764178808 252878538982056735 497934955293207178 172648785482619635
656607680354881715 638801707986766030 515247709215559273 710918966244821582
192468062756311027 9857247048729515 375608426694197877 683311645781965742
224149347182834745 731151269698728041 659228660695071059 47624357183919359
540870172293647063 614705883029905109 553937957263353797 775165508327422892
197386967122131333 323082446252707101 687778510075363903 731661625102635212
192702468501772915 359097889006849696 749565003456467142 26174935616554115
306236794508340164 113079711660153090 251358301954265662 676614554993934600
57617725644332551 46135350444887208 254302295789074656 178155434647538125
427901145481157506 461530037442965084 612649437365205454 359650987237347253
426434063409358389 434191866497008369 384886512332338493 183502994621770100
292541991811658094 157628905030165664 230979715213592711 533118943241338625
267219666219457345 281833040987207736 430645665122274838 746276946213955295
282996664733493235 638801707986766030 515247709215559273 451789698862589153
783213498743374062 339357196107245275 694835634213445646 644843105223251373
515247709215559273 687815738898642098 692011310721020586 386448796194002451
734751054295505502 431084152163717848 549229503942638497 60576729926926220
575859564737248714 182204173668978979 97145339708494214 76940569558610991
52710021803156139 649370366276498734 275210229684020263 244730593444280918
101375331927309202 536082723542177060 4025394718179726 152033735304391266
521197021991369 779184264168806915 98485624713583567 304030094821681015
516426167448936609 88292810820565161 261175243466460612 449218780126100008
230979715213592711 252878538982056735 497934955293207178 728579167394600308