343022136742801393 543852162920763953 187662346600663868 64363741519788173
530303735679904871 665748278601844403 251521554552616820 772265008608952343
612649437365205454 52702162195369680 594693925336595248 49390200678220701
366625234217684477 350378143640882684 782047298346299518 191265307147848763
125000439880533632 542469522607943309 688564881563644950 121135777831732587
325032373376049681 439638695873655713 790219865083922791 674348469799700949
368802023118333328 478816896516334310 687778510075363903 113203431019095987
437725636262778729 755544148240688053 732100597910242041 458362016448179465
361708786135651399 766206662153808508 102763653042723240 475198569334934081
656703212739094544 738297221935904896 590881859058962299 35459181501091455
701978423236256338 1294046624381011 676089688458350978 688564881563644950
506963823608262404 99989241250781301 729139540893776168 170527995115218386
23616823557532025 88292810820565161 422788196153082785 245127398743516477
522242924778961661 536993513112248503 469945482566314862 186863629046296186
535274533673347536 122165884230241857 243854567102407016 193846426978713870
558576193224827693 4781392657808285 303271003704302882 766988753915136948
190784188215985015 635725552430915544 480171557257896357 691703433180958986
444657327837069481 411681019428870145 379987262796286170 33223172431212507
473890692205586133 90601069869485799 459480340654067846 557932582091151668
29797590491418802 4237984428275562 3119342738192712 410077437256529329
207360838019755933 490260594761408591 40740318826488055 603226382109056190
224244051091863530 613354849827747550 535908433555613956 7453979465096143
503842863128411748