641687406837544932 538059401358101721 22860130891370151 891895469775487398
28858935852448055 393144359821148017 691848956514697563 792170944230739092
175793919989175719 511894394233323177 373932905875529730 322467976207696187
55285804026575045 275353880747066735 388858618025135139 326584868220856398
389929170738906748 589323799392346933 354674042601910578 32642706434258298
151931731952525683 756891698848309350 493959320336134251 423415648952955689
875469044972077224 860430305875992906 618241459003519983 816912511667380656
159957709352850432 209229058673745783 859314772184645047 238559654616755901
678671613721836374 754053418753724319 263029683400666671 189027441288584305
823455478724860213 173837753669822946 733116310975764869 608525911792145862
290459247836336314 534633900673962386 490455400164159081 755104272126608181
97893291255322399 86157489453384282 45016147752515981 339727671566674086
676355595693669976 844689279880831675 415397633707664025 762611399080006323
447258377633082098 28858935852448055 393144359821148017 236935079904908502
26577381028091707 48869286267506361 611621885056301791 374411854661032617
680759203720648750 480513269176534263 652289536116888681 22131430410379122
798323349302966869 603164452936206251 738325996215091129 725423458123899138
435984937664752937 801526073331305541 21225118317526002 394611939242304595
863818940779196870 28858935852448055 179574067175888644 397035631558513749
840528405199812023 342807990378507765 858594930476779769 487154777426112658
250534309987430579 456679589228011192 180510112944673479 299450608777177368
608525911792145862 351429717078587976 855670199427431726 343357513816365861
591309747677877761 352919160011014006 31398075847806594 379157127259015998
97341194601454864 827221120418699817 537021451556077643

Message 3:
343022136742801393 543852162920763953 187662346600663868 64363741519788173
530303735679904871 665748278601844403 251521554552616820 772265008608952343
612649437365205454 52702162195369680 594693925336595248 49390200678220701
366625234217684477 350378143640882684 782047298346299518 191265307147848763
125000439880533632 542469522607943309 688564881563644950 121135777831732587
325032373376049681 439638695873655713 790219865083922791 674348469799700949
368802023118333328 478816896516334310 687778510075363903 113203431019095987
437725636262778729 755544148240688053 732100597910242041 458362016448179465
361708786135651399 766206662153808508 102763653042723240 475198569334934081
656703212739094544 738297221935904896 590881859058962299 35459181501091455
701978423236256338 1294046624381011 676089688458350978 688564881563644950
506963823608262404 99989241250781301 729139540893776168 170527995115218386
23616823557532025 88292810820565161 422788196153082785 245127398743516477
522242924778961661 536993513112248503 469945482566314862 186863629046296186
535274533673347536 122165884230241857 243854567102407016 193846426978713870
558576193224827693 4781392657808285 303271003704302882 766988753915136948
190784188215985015 635725552430915544 480171557257896357 691703433180958986
444657327837069481 411681019428870145 379987262796286170 33223172431212507
473890692205586133 90601069869485799 459480340654067846 557932582091151668
29797590491418802 4237984428275562 3119342738192712 410077437256529329
207360838019755933 490260594761408591 40740318826488055 603226382109056190
224244051091863530 613354849827747550 535908433555613956 7453979465096143
503842863128411748